0.999999523 -0.000950803 0.000015720 -0.023036351 0.000950846 0.999994993 -0.003015003 0.638049424 -0.000012853 0.003015016 0.999995470 0.000045114
0.999999523 -0.000950803 0.000015720 -0.023036351 0.000950846 0.999994993 -0.003015003 0.638049424 -0.000012853 0.003015016 0.999995470 0.000045114
0.999999523 -0.000950803 0.000015720 -0.023036351 0.000950846 0.999994993 -0.003015003 0.638049424 -0.000012853 0.003015016 0.999995470 0.000045114
0.999999523 -0.000950803 0.000015720 -0.023036351 0.000950846 0.999994993 -0.003015003 0.638049424 -0.000012853 0.003015016 0.999995470 0.000045114
0.999999523 -0.000950803 0.000015720 -0.023036351 0.000950846 0.999994993 -0.003015003 0.638049424 -0.000012853 0.003015016 0.999995470 0.000045114
0.999999523 -0.000950803 0.000015720 -0.023036351 0.000950846 0.999994993 -0.003015003 0.638049424 -0.000012853 0.003015016 0.999995470 0.000045114
0.999999523 -0.000950803 0.000015720 -0.023036351 0.000950846 0.999994993 -0.003015003 0.638049424 -0.000012853 0.003015016 0.999995470 0.000045114
0.999999523 -0.000950803 0.000015720 -0.023036351 0.000950846 0.999994993 -0.003015003 0.638049424 -0.000012853 0.003015016 0.999995470 0.000045114
0.999999523 -0.000950803 0.000015720 -0.023036351 0.000950846 0.999994993 -0.003015003 0.638049424 -0.000012853 0.003015016 0.999995470 0.000045114
0.999999523 -0.000950803 0.000015720 -0.023036351 0.000950846 0.999994993 -0.003015003 0.638049424 -0.000012853 0.003015016 0.999995470 0.000045114
0.999999523 -0.000950803 0.000015720 -0.023036351 0.000950846 0.999994993 -0.003015003 0.638049424 -0.000012853 0.003015016 0.999995470 0.000045114
0.999999523 -0.000950803 0.000015720 -0.023036351 0.000950846 0.999994993 -0.003015003 0.638049424 -0.000012853 0.003015016 0.999995470 0.000045114
0.999999523 -0.000950803 0.000015720 -0.023036351 0.000950846 0.999994993 -0.003015003 0.638049424 -0.000012853 0.003015016 0.999995470 0.000045114
0.999999523 -0.000950803 0.000015720 -0.023036351 0.000950846 0.999994993 -0.003015003 0.638049424 -0.000012853 0.003015016 0.999995470 0.000045114
0.998728096 0.000835739 -0.050411604 -0.394694686 -0.000904563 0.999998689 -0.001342435 -0.096080191 0.050410420 0.001386327 0.998727679 10.767494202
0.998650730 -0.000337827 -0.051928438 -0.435580730 0.000240762 0.999998212 -0.001875447 -0.103197359 0.051928975 0.001860414 0.998649180 11.610828400
0.998565972 0.001809014 -0.053503107 -0.492138386 -0.002029525 0.999989688 -0.004067415 -0.113971725 0.053495195 0.004170169 0.998559415 12.467526436
0.998491704 0.002215523 -0.054857682 -0.547927618 -0.002593407 0.999973357 -0.006818219 -0.122372627 0.054841112 0.006950202 0.998470962 13.338738441
0.998379171 0.006002508 -0.056594837 -0.605068207 -0.006482275 0.999944568 -0.008297460 -0.136410117 0.056541890 0.008650875 0.998362839 14.212821960
0.998312116 0.006817269 -0.057673864 -0.659851193 -0.007284875 0.999942303 -0.007901384 -0.148702607 0.057616655 0.008308196 0.998304188 15.099356651
0.998241484 0.005844116 -0.058988910 -0.716928959 -0.006226973 0.999960780 -0.006308564 -0.162968427 0.058949720 0.006664793 0.998238683 15.988025665
0.998171329 0.006622980 -0.060084134 -0.779405117 -0.006931227 0.999963880 -0.004923254 -0.173808843 0.060049351 0.005330708 0.998181164 16.883255005
0.998118579 0.006075257 -0.061011575 -0.837845802 -0.006374313 0.999968588 -0.004708183 -0.189898461 0.060981072 0.005088232 0.998125970 17.786478043
0.998033404 0.005727206 -0.062424216 -0.901555896 -0.006083732 0.999966145 -0.005522775 -0.201912314 0.062390488 0.005891685 0.998034418 18.688663483
0.997966647 0.004402373 -0.063584685 -0.962326407 -0.004806244 0.999969244 -0.006200142 -0.216044903 0.063555427 0.006493140 0.997957289 19.602029800
0.997925460 0.004240758 -0.064238921 -1.019702673 -0.004533286 0.999979973 -0.004408678 -0.228593841 0.064218931 0.004690745 0.997924864 20.522489548
0.997937083 0.005689287 -0.063945375 -1.088512063 -0.005766841 0.999982834 -0.001028307 -0.241766378 0.063938431 0.001394949 0.997952878 21.441694260
0.997970104 0.006679497 -0.063330747 -1.147889733 -0.006511642 0.999974668 0.002856519 -0.253900737 0.063348226 -0.002438335 0.997988522 22.366880417
0.998073697 0.005576483 -0.061788801 -1.205492139 -0.005230893 0.999969840 0.005753442 -0.260659158 0.061819021 -0.005419151 0.998072743 23.297271729
0.998186767 0.005925365 -0.059897974 -1.271333218 -0.005559129 0.999964833 0.006279124 -0.264178455 0.059933070 -0.005934763 0.998184860 24.236234665
0.998267472 0.006349034 -0.058495753 -1.329497099 -0.006154888 0.999975026 0.003498554 -0.272203803 0.058516502 -0.003132459 0.998281598 25.185388565
0.998314798 0.007293147 -0.057570979 -1.387213349 -0.007379158 0.999971867 -0.001281574 -0.280093491 0.057560027 0.001704240 0.998340547 26.125209808
0.998395264 0.006363656 -0.056271553 -1.445258617 -0.006603782 0.999969840 -0.004082355 -0.289138913 0.056243882 0.004447410 0.998407125 27.073108673
0.998434484 0.003715635 -0.055810887 -1.496625066 -0.003886057 0.999988019 -0.002945324 -0.299671113 0.055799283 0.003157597 0.998437107 28.033227921
0.998439729 0.002179736 -0.055796579 -1.552715421 -0.002071079 0.999995768 0.002005134 -0.309017062 0.055800717 -0.001886448 0.998440146 29.004247665
0.998399496 -0.001725702 -0.056527607 -1.607009530 0.002045261 0.999982178 0.005595791 -0.320415318 0.056516945 -0.005702449 0.998385429 29.976947784
0.998290420 -0.009081306 -0.057736076 -1.653200626 0.009390264 0.999943018 0.005082124 -0.331219733 0.057686657 -0.005615593 0.998318851 30.951492310
0.998191178 -0.011189019 -0.059070837 -1.709693313 0.011276646 0.999935746 0.001150253 -0.340553433 0.059054181 -0.001814294 0.998253107 31.914104462
0.998118639 -0.010967297 -0.060323805 -1.772563934 0.010818209 0.999937594 -0.002797448 -0.347222030 0.060350727 0.002139589 0.998174906 32.889488220
0.997998476 -0.009723093 -0.062485155 -1.838722229 0.009518615 0.999948263 -0.003569299 -0.355702311 0.062516652 0.002967383 0.998039544 33.876522064
0.997933745 -0.010001594 -0.063468687 -1.898573637 0.009884813 0.999948800 -0.002153736 -0.366345823 0.063486986 0.001521909 0.997981489 34.875083923
0.997868955 -0.007049771 -0.064866319 -1.968021274 0.007100859 0.999974668 0.000557086 -0.378325105 0.064860739 -0.001016506 0.997893870 35.871639252
0.997796297 -0.006621821 -0.066020519 -2.034816980 0.006761844 0.999975383 0.001897684 -0.391285419 0.066006310 -0.002339922 0.997816443 36.865623474
0.997728348 -0.005816136 -0.067115054 -2.107752562 0.006134972 0.999970853 0.004545451 -0.399908960 0.067086644 -0.004946876 0.997734964 37.853973389
0.997758806 -0.005743988 -0.066667646 -2.175363064 0.006278540 0.999949813 0.007811405 -0.411776513 0.066619404 -0.008212473 0.997744679 38.842533112
0.997747660 0.000049369 -0.067078799 -2.256264925 0.000627676 0.999949038 0.010072171 -0.413222760 0.067075871 -0.010091592 0.997696817 39.829757690
0.997739196 -0.000067058 -0.067203872 -2.331147671 0.000698259 0.999955893 0.009368882 -0.414950550 0.067200273 -0.009394630 0.997695267 40.833576202
0.997725248 -0.000066703 -0.067412034 -2.393776178 0.000572600 0.999971867 0.007485263 -0.416048318 0.067409635 -0.007506838 0.997697175 41.833438873
0.997712314 0.001979864 -0.067573309 -2.468721628 -0.001636778 0.999985456 0.005132229 -0.417228401 0.067582488 -0.005009887 0.997701108 42.826015472
0.997653782 0.001463679 -0.068445303 -2.537883759 -0.001102998 0.999985278 0.005307122 -0.425687194 0.068452068 -0.005219176 0.997640789 43.817871094
0.997578979 -0.000257951 -0.069542922 -2.610694885 0.000717543 0.999978065 0.006583866 -0.433533400 0.069539703 -0.006617826 0.997557282 44.803077698
0.997520506 0.000369920 -0.070375741 -2.682740211 0.000168170 0.999970794 0.007639867 -0.442402005 0.070376523 -0.007632758 0.997491360 45.789234161
0.997512043 0.002339461 -0.070457630 -2.759838820 -0.002030984 0.999988019 0.004449514 -0.456879795 0.070467204 -0.004295345 0.997504830 46.758060455
0.997445643 0.002786753 -0.071375169 -2.835624695 -0.002762193 0.999996066 0.000442798 -0.465730429 0.071376123 -0.000244515 0.997449279 47.723686218
0.997400343 0.004071282 -0.071943901 -2.911402225 -0.004163235 0.999990702 -0.001128232 -0.470651925 0.071938641 0.001424818 0.997407973 48.692440033
0.997389197 0.002765130 -0.072159484 -2.979264498 -0.002590440 0.999993384 0.002514359 -0.484375060 0.072165966 -0.002320871 0.997389913 49.662441254
0.997364581 0.000675727 -0.072548531 -3.039720058 -0.000273683 0.999984562 0.005551524 -0.494774967 0.072551169 -0.005517040 0.997349560 50.618221283
0.997360766 -0.001281392 -0.072592631 -3.110006094 0.001748728 0.999978185 0.006374598 -0.506249845 0.072582886 -0.006484721 0.997341394 51.573875427
0.997323036 -0.004606825 -0.072974846 -3.177868605 0.005006676 0.999973357 0.005297316 -0.517275333 0.072948515 -0.005648498 0.997319698 52.528064728
0.997310758 -0.007048849 -0.072948411 -3.252231598 0.007356928 0.999965012 0.003955406 -0.525985837 0.072917990 -0.004481444 0.997327864 53.478923798
0.997207642 -0.008790185 -0.074158937 -3.320563316 0.009197596 0.999944329 0.005154035 -0.534668088 0.074109517 -0.005821726 0.997233093 54.428207397
0.997093856 -0.012100633 -0.075214542 -3.392370462 0.012821254 0.999876380 0.009105381 -0.536312282 0.075095065 -0.010043269 0.997125804 55.383777618
0.997041941 -0.012911042 -0.075766772 -3.463409901 0.014031219 0.999799728 0.014270862 -0.541012228 0.075567350 -0.015291749 0.997023404 56.324203491
0.997025609 -0.010866205 -0.076299794 -3.540905476 0.012136002 0.999795139 0.016198277 -0.539921165 0.076108165 -0.017076073 0.996953309 57.270107269
0.996923804 -0.010015026 -0.077735588 -3.615610838 0.011026068 0.999859929 0.012587870 -0.544055820 0.077598646 -0.013406264 0.996894479 58.201545715
0.996823668 -0.008375170 -0.079198584 -3.691757202 0.008775139 0.999950409 0.004703538 -0.546293855 0.079155266 -0.005383577 0.996847749 59.122123718
0.996792674 -0.006537476 -0.079760306 -3.774870396 0.006549179 0.999978483 -0.000114878 -0.553384900 0.079759352 -0.000407855 0.996814072 60.038185120
0.996726871 -0.001419682 -0.080830857 -3.858421803 0.001485943 0.999998569 0.000759601 -0.564778090 0.080829680 -0.000877224 0.996727526 60.946857452
0.996633589 0.000964390 -0.081979617 -3.942689419 -0.000711865 0.999994874 0.003109503 -0.578980684 0.081982203 -0.003040677 0.996629238 61.842853546
0.996541560 0.003244380 -0.083031885 -4.019376755 -0.002876727 0.999985516 0.004547108 -0.589902818 0.083045438 -0.004292523 0.996536553 62.734092712
0.996439755 0.004042781 -0.084210820 -4.097841740 -0.003688242 0.999983668 0.004365281 -0.599528611 0.084227070 -0.004039152 0.996438444 63.602771759
0.996301711 0.005755885 -0.085730441 -4.176358223 -0.005322075 0.999971867 0.005287845 -0.610318422 0.085758477 -0.004812025 0.996304274 64.452850342
0.996181965 0.006885737 -0.087028570 -4.253842354 -0.006413029 0.999963045 0.005710058 -0.621698678 0.087064676 -0.005130141 0.996189415 65.289199829
0.996046126 0.006521521 -0.088597313 -4.326442719 -0.005983608 0.999962032 0.006335680 -0.630681038 0.088635273 -0.005780499 0.996047378 66.113044739
0.995945096 0.006456828 -0.089730509 -4.399635315 -0.005821138 0.999956071 0.007344342 -0.636951804 0.089773990 -0.006792229 0.995939016 66.916618347
0.995789468 0.009139420 -0.091211773 -4.476577759 -0.008248576 0.999914527 0.010138964 -0.645680547 0.091296665 -0.009343910 0.995779872 67.709152222
0.995655775 0.010609828 -0.092502415 -4.556881905 -0.009324765 0.999854088 0.014313376 -0.651314437 0.092640795 -0.013388634 0.995609581 68.503204346
0.995461881 0.013889738 -0.094142549 -4.638879776 -0.012442806 0.999795496 0.015939228 -0.651966095 0.094344713 -0.014695495 0.995431125 69.279701233
0.995304644 0.016664019 -0.095346957 -4.717606544 -0.015591771 0.999806702 0.011979778 -0.661146343 0.095528170 -0.010436898 0.995371997 70.026245117
0.995161057 0.016537970 -0.096855231 -4.790163994 -0.016179390 0.999858975 0.004486562 -0.666074276 0.096915789 -0.002897794 0.995288432 70.749359131
0.995043516 0.015725663 -0.098189376 -4.865344048 -0.015916778 0.999872565 -0.001163305 -0.675270140 0.098158590 0.002720398 0.995167017 71.456520081
0.994977593 0.016317751 -0.098758273 -4.936050415 -0.016628571 0.999858975 -0.002324941 -0.682321250 0.098706417 0.003955473 0.995108724 72.150238037
0.994897425 0.018988175 -0.099087842 -5.019466400 -0.018952811 0.999819458 0.001298266 -0.693998337 0.099094614 0.000586352 0.995077908 72.825340271
0.994729102 0.019523785 -0.100661851 -5.090351105 -0.019258501 0.999808013 0.003606599 -0.709595978 0.100712955 -0.001648993 0.994914174 73.485588074
0.994688570 0.016280768 -0.101634495 -5.153889656 -0.016338250 0.999866486 0.000266881 -0.720237255 0.101625286 0.001395067 0.994821846 74.115875244
0.994783044 0.007874012 -0.101709723 -5.204240799 -0.008429324 0.999951780 -0.005031140 -0.731267214 0.101665199 0.005862236 0.994801402 74.724365234
0.994899035 0.003880500 -0.100802213 -5.257596016 -0.004899176 0.999939382 -0.009860111 -0.739743650 0.100757852 0.010303661 0.994857609 75.323539734
0.995202303 0.006388993 -0.097629972 -5.319578648 -0.007402697 0.999922335 -0.010024434 -0.752351701 0.097558372 0.010699064 0.995172322 75.909759521
0.995565891 0.011302683 -0.093384996 -5.382561207 -0.012007278 0.999903440 -0.006986643 -0.766549289 0.093297027 0.008076964 0.995605528 76.480087280
0.995993912 0.009864775 -0.088875778 -5.427488327 -0.010247381 0.999940097 -0.003849699 -0.777664423 0.088832498 0.004745021 0.996035278 77.034858704
0.996509969 0.006366759 -0.083230123 -5.461276531 -0.006367795 0.999979734 0.000253006 -0.787753284 0.083230041 0.000277870 0.996530294 77.578674316
0.997196972 0.001922044 -0.074795604 -5.496024132 -0.001623912 0.999990523 0.004046568 -0.804598033 0.074802667 -0.003913764 0.997190654 78.104972839
0.997924387 0.005516361 -0.064159222 -5.528816223 -0.005285927 0.999978900 0.003760793 -0.811997294 0.064178623 -0.003413846 0.997932553 78.619308472
0.998741865 0.010623003 -0.049008619 -5.555926800 -0.010474008 0.999939740 0.003296041 -0.819923043 0.049040675 -0.002778577 0.998792887 79.120697021
0.999401987 0.015656292 -0.030831758 -5.571381092 -0.015547197 0.999872029 0.003774986 -0.823024392 0.030886911 -0.003293382 0.999517441 79.614601135
0.999861181 0.014136066 -0.008808907 -5.557526588 -0.014100057 0.999891996 0.004136337 -0.826419115 0.008866429 -0.004011557 0.999952674 80.097434998
0.999791980 0.010629961 0.017407410 -5.525268555 -0.010722675 0.999928832 0.005241564 -0.834802389 -0.017350458 -0.005427129 0.999834776 80.561279297
0.998852253 0.009573367 0.046933610 -5.482680321 -0.009901777 0.999928057 0.006769821 -0.842242837 -0.046865419 -0.007226774 0.998875141 81.014137268
0.996767342 0.008846725 0.079853296 -5.423628807 -0.009558625 0.999917865 0.008537247 -0.854771495 -0.079771198 -0.009272937 0.996770024 81.456611633
0.993039191 0.008925861 0.117445871 -5.347102165 -0.010064150 0.999907911 0.009102542 -0.860779226 -0.117353782 -0.010221173 0.993037641 81.895492554
0.987191439 0.009014872 0.159285441 -5.254863739 -0.010587375 0.999903202 0.009026350 -0.863105118 -0.159188628 -0.010597151 0.987191260 82.324066162
0.978996933 0.008582340 0.203694299 -5.133354187 -0.010621601 0.999903738 0.008920234 -0.868047655 -0.203598112 -0.010896438 0.978993893 82.728904724
0.967417955 0.010983699 0.252946347 -5.004804611 -0.013146968 0.999890029 0.006863592 -0.873960614 -0.252843112 -0.009965439 0.967455864 83.126060486
0.951948643 0.011809602 0.306029975 -4.851949692 -0.013671998 0.999898791 0.003942850 -0.882667422 -0.305952430 -0.007937430 0.952013671 83.499389648
0.932097733 0.012038848 0.362006813 -4.676504135 -0.013637455 0.999905229 0.001861099 -0.888621449 -0.361950219 -0.006671577 0.932173550 83.863555908
0.907891989 0.012578500 0.419015467 -4.482009888 -0.013850216 0.999904037 -0.000006674 -0.893673897 -0.418975353 -0.005797396 0.907979012 84.197814941
0.878723025 0.013203899 0.477149278 -4.265079498 -0.013644902 0.999903679 -0.002541209 -0.893490672 -0.477136821 -0.004277638 0.878818512 84.525077820
0.845244586 0.011858337 0.534247994 -4.024291992 -0.011328177 0.999926686 -0.004272153 -0.903101861 -0.534259498 -0.002441043 0.845316947 84.825164795
0.808475912 0.010779152 0.588430643 -3.765727997 -0.009651509 0.999940574 -0.005056671 -0.917430878 -0.588450193 -0.001591046 0.808531880 85.104949951
0.768804431 0.009438940 0.639414310 -3.487571716 -0.008965209 0.999951899 -0.003981759 -0.928136349 -0.639421105 -0.002671291 0.768851936 85.367340088
0.726370752 0.008610144 0.687249124 -3.196189880 -0.010509276 0.999943852 -0.001420196 -0.939572871 -0.687222719 -0.006190903 0.726420343 85.609390259
0.681471705 0.008122721 0.731799424 -2.890415192 -0.009591620 0.999951661 -0.002167138 -0.936379671 -0.731781662 -0.005542298 0.681516588 85.828598022
0.634691715 0.006952501 0.772734165 -2.572006226 -0.006447988 0.999972343 -0.003700915 -0.940668941 -0.772738636 -0.002633640 0.634719014 86.034072876
0.587896764 0.004162468 0.808925331 -2.240497589 -0.000300335 0.999987841 -0.004927342 -0.945439816 -0.808935881 0.002653820 0.587890863 86.210998535
0.540832102 0.006333168 0.841106594 -1.911212921 -0.002215659 0.999978900 -0.006104738 -0.953528285 -0.841127515 0.001438038 0.540834785 86.378623962
0.493763506 0.009229561 0.869547069 -1.573734283 -0.005781713 0.999956369 -0.007330666 -0.960293531 -0.869576871 -0.001407854 0.493795365 86.531280518
0.448123366 0.011482226 0.893897772 -1.229816437 -0.006589641 0.999932647 -0.009540777 -0.967684805 -0.893947303 -0.001615016 0.448168904 86.668136597
0.405482113 0.009097339 0.914057493 -0.879188538 0.000846181 0.999946237 -0.010327533 -0.971962690 -0.914102495 0.004961092 0.405452609 86.778900146
0.365935713 0.001448056 0.930638909 -0.512504578 0.015698768 0.999846935 -0.007728644 -0.976958632 -0.930507541 0.017438075 0.365857005 86.865509033
0.330477774 -0.002074715 0.943811357 -0.147151947 0.019880340 0.999790967 -0.004763375 -0.979429841 -0.943604350 0.020337481 0.330449879 86.954849243
0.297288120 0.001911697 0.954785824 0.216941833 0.017158525 0.999825716 -0.007344461 -0.987293839 -0.954633534 0.018566139 0.297203451 87.048042297
0.266218603 0.009469183 0.963866115 0.584804535 0.006219847 0.999914050 -0.011541235 -1.002264619 -0.963892639 0.009067591 0.266136825 87.146492004
0.238099039 0.013922562 0.971141040 0.963996887 0.001574500 0.999890327 -0.014720744 -1.017407179 -0.971239626 0.005034056 0.238051012 87.227935791
0.212205872 0.015564926 0.977100968 1.353952408 0.002680579 0.999860048 -0.016509639 -1.032298803 -0.977221251 0.006122638 0.212134495 87.294036865
0.188801005 0.016950995 0.981869042 1.760808945 0.009818632 0.999768376 -0.019148005 -1.042929411 -0.981966257 0.013255775 0.188590854 87.347862244
0.168858767 0.023085617 0.985369623 2.176774979 0.016930845 0.999510169 -0.026318269 -1.043601871 -0.985494673 0.021127211 0.168385237 87.393493652
0.148857251 0.030246224 0.988395870 2.599187851 0.018591873 0.999269724 -0.033379003 -1.042818069 -0.988683820 0.023344841 0.148186252 87.446571350
0.131188735 0.030787062 0.990879059 3.039313316 0.016510684 0.999311149 -0.033234999 -1.055258274 -0.991219819 0.020720150 0.130590066 87.503768921
0.115606792 0.026427336 0.992943168 3.495605469 0.014677785 0.999491394 -0.028310517 -1.077466249 -0.993186533 0.017847100 0.115160100 87.555038452
0.100967683 0.023251902 0.994617760 3.970214844 0.014604717 0.999584436 -0.024850592 -1.098789215 -0.994782448 0.017035218 0.100586154 87.599121094
0.088037513 0.020815376 0.995899439 4.449403286 0.017094217 0.999602795 -0.022403905 -1.112909198 -0.995970368 0.018996507 0.087646738 87.626647949
0.076287501 0.019905075 0.996886909 4.945558071 0.020850852 0.999550164 -0.021553874 -1.127694249 -0.996867776 0.022430239 0.075838186 87.654594421
0.066111781 0.020587141 0.997599781 5.459735394 0.023879129 0.999468207 -0.022208184 -1.141819954 -0.997526526 0.025290038 0.065585010 87.679931641
0.058063403 0.021034654 0.998091221 5.987169743 0.025962118 0.999408126 -0.022572735 -1.156027079 -0.997975230 0.027223209 0.057482928 87.706497192
0.052543569 0.021550575 0.998386025 6.534361839 0.027789434 0.999348402 -0.023033865 -1.169149160 -0.998231769 0.028954860 0.051910456 87.729431152
0.046933256 0.022594115 0.998642445 7.096597195 0.028793940 0.999298036 -0.023962177 -1.184702873 -0.998482883 0.029879477 0.046249744 87.750793457
0.041229356 0.023125043 0.998882055 7.675410271 0.029405799 0.999270976 -0.024347788 -1.200929403 -0.998716950 0.030376771 0.040519290 87.768508911
0.036744915 0.023145670 0.999056637 8.278601646 0.032307290 0.999181628 -0.024336820 -1.217043757 -0.998802304 0.033171061 0.035967067 87.785827637
0.033979457 0.023125306 0.999154925 8.902112961 0.033651456 0.999138892 -0.024269359 -1.235385180 -0.998855829 0.034447681 0.033171996 87.800956726
0.030686412 0.022708058 0.999271095 9.544294357 0.034415834 0.999125063 -0.023761611 -1.252832413 -0.998936355 0.035119906 0.029878048 87.820846558
0.028498547 0.022059934 0.999350309 10.197375298 0.036867216 0.999053061 -0.023104716 -1.272248507 -0.998913825 0.037501708 0.027658271 87.834838867
0.027792569 0.021675114 0.999378562 10.873897552 0.041228335 0.998889327 -0.022811050 -1.291178584 -0.998763144 0.041836694 0.026868068 87.846725464
0.028634325 0.021386690 0.999361157 11.562665939 0.044762030 0.998740673 -0.022655964 -1.308591127 -0.998587251 0.045382168 0.027640961 87.866203308
0.031115353 0.021298494 0.999288857 12.272081375 0.046368573 0.998665750 -0.022729017 -1.326895833 -0.998439729 0.047042821 0.030086262 87.886054993
0.034980696 0.021336420 0.999160230 12.992620468 0.048601139 0.998552859 -0.023024978 -1.346046209 -0.998205543 0.049365759 0.033893108 87.911132812
0.039403867 0.020897778 0.999004900 13.733603477 0.049097229 0.998533309 -0.022824461 -1.366095066 -0.998016357 0.049947750 0.038320053 87.939750671
0.043377649 0.019360473 0.998871148 14.488519669 0.050636113 0.998484671 -0.021551935 -1.385028720 -0.997774720 0.051513821 0.042331569 87.974563599
0.047140211 0.017618999 0.998732924 15.250875473 0.050447885 0.998526573 -0.019996500 -1.407433152 -0.997613490 0.051326603 0.046181913 88.016403198
0.051200487 0.015441637 0.998569071 16.023117065 0.047278605 0.998721898 -0.017868169 -1.429189563 -0.997568786 0.048125818 0.050404992 88.064720154
0.055185050 0.014298071 0.998373806 16.818389893 0.046530519 0.998774290 -0.016875787 -1.449370742 -0.997391462 0.047386143 0.054452110 88.116462708
0.059208967 0.015341895 0.998127878 17.617290497 0.043659620 0.998885274 -0.017943438 -1.470149875 -0.997290492 0.044640303 0.058473144 88.174201965
0.062131830 0.019326508 0.997880876 18.416690826 0.041608498 0.998893082 -0.021936825 -1.497267962 -0.997200370 0.042883303 0.061258905 88.230430603
0.063659661 0.024456350 0.997671783 19.219104767 0.035745099 0.999002218 -0.026769791 -1.523518562 -0.997331262 0.037366033 0.062721960 88.288917542
0.063511685 0.027621388 0.997598708 20.032012939 0.032874335 0.999016404 -0.029753570 -1.550260067 -0.997439384 0.034685086 0.062541187 88.345413208
0.063287966 0.027253773 0.997623205 20.838619232 0.030667709 0.999101818 -0.029239692 -1.579084873 -0.997524023 0.032445338 0.062395323 88.409843445
0.063421890 0.025623566 0.997657955 21.654106140 0.027623327 0.999242246 -0.027420299 -1.611374259 -0.997604489 0.029297680 0.062666029 88.466484070
0.063141942 0.024316706 0.997708321 22.477087021 0.028272718 0.999258339 -0.026143778 -1.643574238 -0.997604012 0.029858695 0.062407605 88.523399353
0.063671663 0.023465106 0.997695208 23.295158386 0.026096322 0.999342501 -0.025169292 -1.679879785 -0.997629702 0.027638743 0.063017450 88.579406738
0.063784271 0.023847859 0.997678518 24.109468460 0.024267118 0.999381602 -0.025440028 -1.711448193 -0.997668505 0.025833456 0.063166127 88.638511658
0.063786678 0.024346400 0.997666478 24.923395157 0.021410447 0.999438882 -0.025758542 -1.745426893 -0.997733712 0.023003530 0.063229620 88.698463440
0.062571518 0.025936490 0.997703314 25.737815857 0.018396335 0.999462366 -0.027135953 -1.774628520 -0.997870803 0.020052016 0.062060758 88.757461548
0.059611030 0.025584217 0.997893631 26.551368713 0.015027095 0.999535084 -0.026523972 -1.806958199 -0.998108327 0.016576560 0.059198875 88.815811157
0.055793989 0.024295060 0.998146594 27.362104416 0.012451985 0.999609172 -0.025026696 -1.838877916 -0.998364568 0.013825244 0.055469662 88.867088318
0.050858594 0.021864049 0.998466432 28.177143097 0.010637744 0.999691784 -0.022432731 -1.867897987 -0.998649120 0.011762327 0.050610330 88.915496826
0.044673849 0.019620419 0.998808920 28.990564346 0.008679371 0.999761760 -0.020027338 -1.898348093 -0.998963952 0.009563733 0.044492919 88.956497192
0.037171181 0.020076273 0.999107242 29.795179367 0.008282801 0.999757588 -0.020397499 -1.924283266 -0.999274731 0.009033606 0.036995880 88.988342285
0.028472533 0.021053201 0.999372900 30.595151901 0.007984067 0.999741435 -0.021288434 -1.950837374 -0.999562740 0.008585197 0.028297083 89.012466431
0.018767107 0.021643126 0.999589682 31.395370483 0.008741332 0.999723852 -0.021810153 -1.973163128 -0.999785602 0.009147058 0.018572740 89.023239136
0.008677409 0.020790709 0.999746025 32.188129425 0.010395600 0.999727845 -0.020880556 -1.999096155 -0.999908149 0.010574150 0.008458918 89.024139404
-0.002132027 0.019623064 0.999805033 32.979347229 0.009207565 0.999765515 -0.019602643 -2.030117750 -0.999955177 0.009163977 -0.002312208 89.022369385
-0.013224887 0.018851805 0.999734879 33.764732361 0.010769559 0.999766886 -0.018709946 -2.055862904 -0.999854624 0.010519269 -0.013424834 89.008972168
-0.024061333 0.019425459 0.999521852 34.543548584 0.010964533 0.999756157 -0.019166069 -2.080608845 -0.999650419 0.010498130 -0.024268454 88.986763000
-0.035147987 0.019859809 0.999184847 35.319007874 0.011411519 0.999745309 -0.019469533 -2.108068466 -0.999316990 0.010717903 -0.035365663 88.959571838
-0.045673583 0.020818371 0.998739362 36.086692810 0.010879965 0.999733865 -0.020341547 -2.137692690 -0.998897135 0.009937179 -0.045887936 88.917556763
-0.055994160 0.021916471 0.998190463 36.847347260 0.011566929 0.999706149 -0.021300901 -2.162330151 -0.998364031 0.010353272 -0.056231208 88.873268127
-0.065641262 0.022583801 0.997587621 37.607971191 0.012042128 0.999688983 -0.021839000 -2.188843489 -0.997770607 0.010579540 -0.065892786 88.822181702
-0.075195812 0.023081470 0.996901572 38.368118286 0.012617229 0.999674022 -0.022193950 -2.217729092 -0.997088909 0.010909245 -0.075462513 88.761451721
-0.084576689 0.023147799 0.996147990 39.104831696 0.013322091 0.999666929 -0.022098478 -2.248651266 -0.996327877 0.011401759 -0.084856905 88.699302673
-0.093173862 0.022837125 0.995387793 39.840042114 0.014590940 0.999660850 -0.021569367 -2.271840334 -0.995542884 0.012513944 -0.093475476 88.628021240
-0.100675665 0.021742603 0.994681597 40.567550659 0.016320029 0.999662817 -0.020199664 -2.297805309 -0.994785309 0.014199619 -0.100996554 88.554489136
-0.106070682 0.020126747 0.994154751 41.291645050 0.019147256 0.999651074 -0.018195113 -2.324217319 -0.994174182 0.017105373 -0.106419057 88.476226807
-0.109502576 0.018526563 0.993813753 42.001953125 0.022566661 0.999614954 -0.016148219 -2.348399401 -0.993730366 0.020658785 -0.109878488 88.384727478
-0.112035587 0.017481221 0.993550360 42.705730438 0.024348771 0.999593318 -0.014841909 -2.368870735 -0.993405879 0.022528909 -0.112415679 88.298889160
-0.113921165 0.016403828 0.993354261 43.389663696 0.024328396 0.999609888 -0.013717068 -2.393125534 -0.993191838 0.022604050 -0.114275806 88.223014832
-0.114557035 0.016905585 0.993272662 44.059337616 0.025278253 0.999581099 -0.014097534 -2.412618160 -0.993094981 0.023493228 -0.114936359 88.145751953
-0.113438524 0.017975757 0.993382275 44.710868835 0.026255442 0.999541402 -0.015088988 -2.432364941 -0.993198037 0.024370022 -0.113858439 88.071357727
-0.110580213 0.019615615 0.993673563 45.341880798 0.027423754 0.999484718 -0.016678495 -2.454524994 -0.993488669 0.025405951 -0.111061178 88.005111694
-0.105552427 0.020070281 0.994211197 45.962539673 0.027408293 0.999475181 -0.017266689 -2.475988626 -0.994035840 0.025427094 -0.106047131 87.943656921
-0.097396396 0.020834826 0.995027542 46.563640594 0.027009275 0.999467969 -0.018284053 -2.495853901 -0.994879127 0.025094176 -0.097907305 87.886268616
-0.086384721 0.020558339 0.996049762 47.144554138 0.026061287 0.999491572 -0.018369155 -2.520584822 -0.995920897 0.024371525 -0.086876594 87.847068787
-0.072764061 0.021153709 0.997124851 47.703224182 0.025076870 0.999497652 -0.019374099 -2.539700270 -0.997033834 0.023595029 -0.073257998 87.816818237
-0.055515148 0.022594113 0.998202145 48.237346649 0.024245461 0.999479592 -0.021274617 -2.559860229 -0.998163402 0.023020806 -0.056034066 87.798866272
-0.034336884 0.025006117 0.999097407 48.768646240 0.022338701 0.999456346 -0.024247371 -2.583803177 -0.999160647 0.021485956 -0.034876823 87.798202515
-0.009655401 0.027941644 0.999562800 49.294467926 0.020351719 0.999407887 -0.027740724 -2.608258247 -0.999746263 0.020074971 -0.010218333 87.811523438
0.018539868 0.029663309 0.999387920 49.813949585 0.018131152 0.999385357 -0.029999595 -2.630819798 -0.999663711 0.018676242 0.017990652 87.841789246
0.051900834 0.029100915 0.998228133 50.323657990 0.015891109 0.999424696 -0.029962026 -2.651706934 -0.998525858 0.017418005 0.051408537 87.885612488
0.090277314 0.026854279 0.995554566 50.821834564 0.015087956 0.999484837 -0.028328475 -2.672191143 -0.995802402 0.017578302 0.089825653 87.947349548
0.132699400 0.023153068 0.990885854 51.311038971 0.013215428 0.999596953 -0.025126422 -2.694006443 -0.991068184 0.016429242 0.132339969 88.032691956
0.178215802 0.018404217 0.983819246 51.791931152 0.010202820 0.999736726 -0.020550193 -2.721671581 -0.983938456 0.013700100 0.177981108 88.139213562
0.226833403 0.014958255 0.973818600 52.271034241 0.005758137 0.999844015 -0.016699266 -2.741723537 -0.973916531 0.009395332 0.226711869 88.281051636
0.278313935 0.013707864 0.960392237 52.739364624 0.001895952 0.999888361 -0.014821025 -2.757082224 -0.960488379 0.005945754 0.278256834 88.451026917
0.333230704 0.013506455 0.942748487 53.194549561 0.000999635 0.999891818 -0.014678467 -2.769673824 -0.942844748 0.005833720 0.333181113 88.643959045
0.390883118 0.013631574 0.920339286 53.636283875 0.003508596 0.999861002 -0.016299561 -2.787494659 -0.920433521 0.009600322 0.390780926 88.866592407
0.451048136 0.015844196 0.892358840 54.052932739 0.004684099 0.999786615 -0.020119220 -2.813633442 -0.892487288 0.013254636 0.450877607 89.109085083
0.510460019 0.019204525 0.859686852 54.448017120 0.006245595 0.999641418 -0.026039438 -2.827276230 -0.859878838 0.018661346 0.510157108 89.382690430
0.568630517 0.023973098 0.822243512 54.814315796 0.001951625 0.999533117 -0.030491762 -2.835954666 -0.822590828 0.018943259 0.568318307 89.683250427
0.623798966 0.027218297 0.781110764 55.150527954 -0.001876509 0.999442697 -0.033327613 -2.843257189 -0.781582654 0.019323973 0.623502433 90.019096375
0.676589429 0.028130185 0.735822916 55.471733093 -0.003605733 0.999384582 -0.034890562 -2.859468937 -0.736351609 0.020953406 0.676274598 90.367195129
0.725936532 0.026339257 0.687256932 55.776725769 -0.003986558 0.999410748 -0.034091681 -2.875000954 -0.687749982 0.022008615 0.725613952 90.730812073
0.770824432 0.024176992 0.636588693 56.030319214 -0.006818356 0.999535382 -0.029705230 -2.882427454 -0.637011111 0.018557027 0.770631254 91.112030029
0.812043667 0.018420687 0.583305955 56.267814636 -0.006841006 0.999733448 -0.022047751 -2.901844978 -0.583556652 0.013913335 0.811953247 91.515533447
0.848673820 0.015844679 0.528679073 56.484779358 -0.008947176 0.999838233 -0.015602811 -2.911978722 -0.528840780 0.008511513 0.848678470 91.938110352
0.879641414 0.012290513 0.475478560 56.663398743 -0.009418857 0.999920189 -0.008421652 -2.921710014 -0.475544184 0.002929569 0.879687011 92.368049622
0.905135453 0.013023647 0.424923629 56.817756653 -0.013016894 0.999910951 -0.002919195 -2.934352636 -0.424923867 -0.002888920 0.905224562 92.801918030
0.925045133 0.015164371 0.379554272 56.945945740 -0.016607035 0.999861896 0.000526889 -2.944435120 -0.379493952 -0.006790668 0.925169349 93.244750977
0.940273941 0.020778993 0.339784235 57.059944153 -0.023317499 0.999722362 0.003389244 -2.953404427 -0.339619488 -0.011109737 0.940497339 93.696159363
0.952050209 0.024877533 0.304928631 57.165298462 -0.026922945 0.999634385 0.002504042 -2.956460238 -0.304754883 -0.010593550 0.952372015 94.150146484
0.961284280 0.026690321 0.274263233 57.270351410 -0.028539332 0.999588847 0.002753043 -2.957145691 -0.274077028 -0.010473746 0.961650789 94.617019653
0.967420638 0.021338403 0.252273560 57.381195068 -0.022698754 0.999739230 0.002483040 -2.955886602 -0.252154827 -0.008128438 0.967652857 95.080749512
0.971384645 0.017950447 0.236832500 57.485111237 -0.019286638 0.999808431 0.003326115 -2.963849545 -0.236727461 -0.007798640 0.971544802 95.560424805
0.974314511 0.022230202 0.224091917 57.581626892 -0.023552768 0.999717414 0.003230275 -2.970655441 -0.223956823 -0.008425288 0.974562705 96.047653198
0.976305366 0.027541215 0.214637801 57.671241760 -0.029025054 0.999571562 0.003764017 -2.969723701 -0.214442208 -0.009904703 0.976686597 96.549766541
0.977349102 0.035518866 0.208631590 57.760810852 -0.036839668 0.999318123 0.002447244 -2.970106363 -0.208402425 -0.010077731 0.977991343 97.060646057
0.977716267 0.041080926 0.205871508 57.852935791 -0.041740183 0.999127805 -0.001141606 -2.974649906 -0.205738857 -0.007476950 0.978578448 97.577064514
0.977912426 0.041965943 0.204758093 57.963760376 -0.042095669 0.999106526 -0.003724241 -2.981374025 -0.204731494 -0.004977448 0.978805542 98.103614807
0.977442384 0.040738754 0.207235798 58.081871033 -0.040108453 0.999168932 -0.007243963 -2.990053177 -0.207358733 -0.001231350 0.978264272 98.636627197
0.976653516 0.039571546 0.211143956 58.203910828 -0.037514564 0.999201477 -0.013740443 -2.996972084 -0.211519107 0.005498677 0.977358401 99.176338196
0.975749671 0.040108737 0.215182588 58.330558777 -0.037050199 0.999146998 -0.018230107 -3.005097151 -0.215730250 0.009815468 0.976403773 99.733428955
0.974589169 0.044393945 0.219556376 58.454002380 -0.041466638 0.998979032 -0.017925601 -3.013233423 -0.220128000 0.008365837 0.975435197 100.311004639
0.973253369 0.047434393 0.224783644 58.586402893 -0.045467887 0.998868763 -0.013919870 -3.025544643 -0.225189641 0.003327126 0.974309266 100.896606445
0.972195685 0.044625018 0.229878262 58.724979401 -0.043663919 0.999003232 -0.009268655 -3.037895203 -0.230062738 -0.001026439 0.973175347 101.500717163
0.971471012 0.040331230 0.233703315 58.876716614 -0.040590841 0.999168932 -0.003700787 -3.048921108 -0.233658358 -0.005891007 0.972300947 102.114288330
0.970615923 0.037951563 0.237622172 59.029624939 -0.039292548 0.999227345 0.000907876 -3.057643890 -0.237404138 -0.010217984 0.971357226 102.745216370
0.970082700 0.033228099 0.240489930 59.190292358 -0.034597792 0.999400198 0.001474263 -3.063309431 -0.240296721 -0.009750579 0.970650494 103.380348206
0.970109284 0.029814729 0.240829691 59.352668762 -0.030305617 0.999539256 -0.001666076 -3.070042133 -0.240768477 -0.005682218 0.970565915 104.021957397
0.970262051 0.029231977 0.240285337 59.516754150 -0.027985124 0.999571264 -0.008600391 -3.079392910 -0.240433812 0.001620217 0.970664084 104.668014526
0.970367014 0.031433467 0.239582449 59.673107147 -0.028622817 0.999474645 -0.015202770 -3.088608742 -0.239934519 0.007894741 0.970756948 105.326164246
0.970958114 0.034156729 0.236798674 59.832653046 -0.030520521 0.999353409 -0.019005578 -3.095833302 -0.237294704 0.011226404 0.971372902 105.999458313
0.971606135 0.032617893 0.234345019 59.998062134 -0.029992480 0.999441087 -0.014759377 -3.106081247 -0.234695479 0.007311712 0.972041547 106.695686340
0.972060978 0.028321827 0.233013690 60.166343689 -0.027425962 0.999598682 -0.007084351 -3.121816635 -0.233120829 0.000495796 0.972447693 107.401947021
0.972636759 0.028696289 0.230552226 60.331249237 -0.029178938 0.999573231 -0.001316577 -3.134695292 -0.230491653 -0.005446719 0.973059118 108.117263794
0.972920179 0.032247890 0.228880495 60.490318298 -0.032700468 0.999463439 -0.001815989 -3.146495342 -0.228816301 -0.005717688 0.973452866 108.842315674
0.973232687 0.037931930 0.226669446 60.645996094 -0.037403960 0.999278188 -0.006625526 -3.152672291 -0.226757169 -0.002030154 0.973949254 109.568542480
0.974171281 0.038702123 0.222468749 60.813583374 -0.036994599 0.999245226 -0.011839162 -3.162004948 -0.222759068 0.003303231 0.974868059 110.294746399
0.975097120 0.037052661 0.218660936 60.981437683 -0.034646071 0.999289513 -0.014831440 -3.172845840 -0.219055191 0.006886350 0.975688279 111.041259766
0.976036370 0.034795810 0.214807346 61.149475098 -0.032703344 0.999376774 -0.013288518 -3.186698198 -0.215135917 0.005945158 0.976566076 111.807487488
0.976888418 0.031432144 0.211426467 61.316993713 -0.029726336 0.999494791 -0.011242437 -3.202044010 -0.211673051 0.004697669 0.977329254 112.580238342
0.977291286 0.030319117 0.209720150 61.480895996 -0.029196627 0.999537945 -0.008446977 -3.216363430 -0.209879369 0.002132035 0.977724969 113.367973328
0.977578878 0.027331933 0.208788365 61.645858765 -0.026630465 0.999626219 -0.006170589 -3.226111174 -0.208879024 0.000472107 0.977941394 114.165298462
0.977816999 0.022260971 0.208274379 61.819606781 -0.021689272 0.999752045 -0.005028551 -3.235683203 -0.208334729 0.000399685 0.978057504 114.960418701
0.977939069 0.022921467 0.207628682 61.986442566 -0.022708928 0.999736309 -0.003407432 -3.248075485 -0.207652047 -0.001382763 0.978201747 115.762191772
0.977725029 0.028200883 0.207986295 62.148323059 -0.027705265 0.999602079 -0.005296182 -3.258979321 -0.208052889 -0.000584104 0.978117406 116.575363159
0.977460861 0.033870429 0.208381563 62.314384460 -0.032787248 0.999424934 -0.008650936 -3.271942854 -0.208554730 0.001623695 0.978009343 117.391662598
0.976923347 0.042505708 0.209318221 62.477512360 -0.041271511 0.999095261 -0.010262583 -3.281057358 -0.209565103 0.001386876 0.977793694 118.219657898
0.975993454 0.048545439 0.212320745 62.641971588 -0.047547515 0.998820901 -0.009806513 -3.296428680 -0.212546453 -0.000524234 0.977150857 119.041763306
0.975228786 0.051243290 0.215181515 62.815074921 -0.050766133 0.998680532 -0.007747327 -3.315210342 -0.215294629 -0.003368519 0.976543427 119.872238159
0.974645555 0.051793449 0.217677489 62.998886108 -0.051184341 0.998653650 -0.008439628 -3.333839893 -0.217821568 -0.002916035 0.975984275 120.705795288
0.974284410 0.050345838 0.219624609 63.181205750 -0.049062230 0.998731792 -0.011298464 -3.347796917 -0.219914913 0.000232647 0.975519121 121.532798767
0.974342823 0.044051308 0.220715687 63.377754211 -0.042904664 0.999029219 -0.009988819 -3.365186453 -0.220941439 0.000262802 0.975287080 122.370300293
0.974531293 0.037626129 0.221072078 63.570114136 -0.035978798 0.999286652 -0.011475080 -3.384691238 -0.221346140 0.003228917 0.975190043 123.201232910
0.974269211 0.036814570 0.222360238 63.758132935 -0.035129413 0.999316216 -0.011530343 -3.405067444 -0.222632676 0.003422274 0.974896491 124.036842346
0.973706424 0.039439313 0.224366501 63.944053650 -0.038473908 0.999221921 -0.008674789 -3.422923565 -0.224534050 -0.000185560 0.974466324 124.880355835
0.973343372 0.041152500 0.225630403 64.128631592 -0.041599527 0.999130487 -0.002774853 -3.440034151 -0.225548431 -0.006685235 0.974209070 125.711441040
0.973021805 0.044533931 0.226374090 64.310752869 -0.046019584 0.998939753 0.001287048 -3.456274986 -0.226076737 -0.011669967 0.974039674 126.534477234
0.972802401 0.043807052 0.227456361 64.495040894 -0.043801449 0.999027312 -0.005074778 -3.474310637 -0.227457464 -0.005026163 0.973775089 127.347854614
0.973035693 0.039598729 0.227229625 64.685256958 -0.036123805 0.999158502 -0.019432504 -3.494750500 -0.227807865 0.010700126 0.973647296 128.148834229
